0.866427375025819 0.8178943911224351 0.7802492841758019 0.7494909921984524 0.7234852268791485 0.7009580082950686 0.6810875932744693 0.6633129013484351 0.6472337366551009 0.6325546093710857 0.619051121267029 0.6065488440517818 0.5949095024244522 0.5840216254677019 0.5737940371800829 0.5641512104471028 0.5550298788422257 0.5463765185210685
1.0517671567771687 1.0032341728737848 0.9655890659271513 0.934830773949802 0.9088250086304981 0.8862977900464181 0.866427375025819 0.8486526830997847 0.8325735184064504 0.8178943911224351 0.8043909030183786 0.7918886258031312 0.7802492841758019 0.7693614072190514 0.7591338189314325 0.7494909921984524 0.7403696605935752 0.7317163002724181
1.1379452476271856 1.089412263723802 1.0517671567771687 1.021008864799819 0.9950030994805151 0.9724758808964353 0.9526054658758363 0.934830773949802 0.9187516092564677 0.9040724819724524 0.8905689938683958 0.8780667166531485 0.866427375025819 0.8555394980690687 0.8453119097814498 0.8356690830484697 0.8265477514435924 0.8178943911224351
0.0 1.1461763210204554 1.108531214073822 1.0777729220964725 1.0517671567771687 1.0292399381930886 1.0093695231724895 0.9915948312464552 0.9755156665531209 0.9608365392691058 0.9473330511650491 0.934830773949802 0.9231914323224722 0.9123035553657219 0.9020759670781031 0.8924331403451229 0.8833118087402458 0.8746584484190886
0.0 0.0 1.150928847678501 1.1201705557011514 1.0941647903818474 1.0716375717977675 1.0517671567771687 1.0339924648511343 1.0179133001578 1.0032341728737848 0.9897306847697281 0.9772284075544808 0.9655890659271513 0.954701188970401 0.9444736006827821 0.934830773949802 0.9257094423449247 0.9170560820237674
0.0 0.0 0.0 1.15402441232052 1.1280186470012161 1.1054914284171362 1.0856210133965372 1.067846321470503 1.0517671567771687 1.0370880294931535 1.0235845413890967 1.0110822641738495 0.99944292254652 0.9885550455897696 0.9783274573021506 0.9686846305691705 0.9595632989642934 0.9509099386431362
0.0 0.0 0.0 0.0 1.1562012623892879 1.1336740438052082 1.1138036287846091 1.0960289368585747 1.0799497721652405 1.0652706448812252 1.0517671567771687 1.0392648795619213 1.0276255379345918 1.0167376609778416 1.0065100726902225 0.9968672459572424 0.9877459143523651 0.9790925540312081
0.0 0.0 0.0 0.0 0.0 1.157815662647785 1.1379452476271859 1.1201705557011514 1.1040913910078172 1.089412263723802 1.0759087756197454 1.0634064984044982 1.0517671567771687 1.0408792798204183 1.0306516915327992 1.0210088647998192 1.011887533194942 1.0032341728737848
0.0 0.0 0.0 0.0 0.0 0.0 1.159060712871555 1.1412860209455207 1.1252068562521864 1.1105277289681712 1.0970242408641144 1.0845219636488674 1.072882622021538 1.0619947450647873 1.0517671567771687 1.0421243300441883 1.0330029984393112 1.024349638118154
0.0 0.0 0.0 0.0 0.0 0.0 0.0 1.160050179283378 1.1439710145900437 1.1292918873060287 1.115788399201972 1.1032861219867247 1.091646780359395 1.0807589034026448 1.070531315115026 1.0608884883820457 1.0517671567771687 1.0431137964560113
0.0 0.0 0.0 0.0 0.0 0.0 0.0 0.0 1.1608554483044704 1.1461763210204554 1.1326728329163986 1.1201705557011514 1.108531214073822 1.0976433371170715 1.0874157488294527 1.0777729220964725 1.0686515904915954 1.059998230170438
0.0 0.0 0.0 0.0 0.0 0.0 0.0 0.0 0.0 1.1615235820078802 1.1480200939038234 1.1355178166885762 1.1238784750612467 1.1129905981044963 1.1027630098168775 1.0931201830838972 1.0839988514790202 1.075345491157863
0.0 0.0 0.0 0.0 0.0 0.0 0.0 0.0 0.0 0.0 1.1620868664697626 1.1495845892545153 1.1379452476271859 1.1270573706704354 1.1168297823828166 1.1071869556498364 1.0980656240449593 1.089412263723802
0.0 0.0 0.0 0.0 0.0 0.0 0.0 0.0 0.0 0.0 0.0 1.1625681893058304 1.150928847678501 1.1400409707217505 1.1298133824341317 1.1201705557011514 1.1110492240962742 1.1023958637751172
0.0 0.0 0.0 0.0 0.0 0.0 0.0 0.0 0.0 0.0 0.0 0.0 1.1629842278387617 1.1520963508820115 1.1418687625943924 1.1322259358614124 1.1231046042565351 1.114451243935378
0.0 0.0 0.0 0.0 0.0 0.0 0.0 0.0 0.0 0.0 0.0 0.0 0.0 1.1633474218210291 1.15311983353341 1.1434770068004299 1.1343556751955528 1.1257023148743954
0.0 0.0 0.0 0.0 0.0 0.0 0.0 0.0 0.0 0.0 0.0 0.0 0.0 0.0 1.1636672390535003 1.15402441232052 1.1449030807156428 1.136249720394486
0.0 0.0 0.0 0.0 0.0 0.0 0.0 0.0 0.0 0.0 0.0 0.0 0.0 0.0 0.0 1.1639510129464898 1.1548296813416126 1.1461763210204554
0.0 0.0 0.0 0.0 0.0 0.0 0.0 0.0 0.0 0.0 0.0 0.0 0.0 0.0 0.0 0.0 1.1642045119267264 1.1555511516055692
0.0 0.0 0.0 0.0 0.0 0.0 0.0 0.0 0.0 0.0 0.0 0.0 0.0 0.0 0.0 0.0 0.0 1.1644323357825574
