0.8663933676961595 0.8178480273897831 0.7801933360723833 0.7494272130939192 0.7234148267575137 0.7008818727875429 0.6810063987980554 0.663227181470143 0.6471439230528553 0.6324610584916791 0.6189541324259022 0.6064486721552735 0.5948063671742791 0.5839157181853026 0.5736855259736643 0.5640402441958152 0.5549165903177113 0.5462610268679028
1.0517803365942635 1.003234996287887 0.9655803049704872 0.9348141819920232 0.9088017956556178 0.8862688416856468 0.8663933676961595 0.8486141503682469 0.8325308919509593 0.8178480273897831 0.8043411013240064 0.7918356410533776 0.7801933360723833 0.7693026870834067 0.7590724948717683 0.7494272130939192 0.7403035592158154 0.7316479957660069
1.1379803682180398 1.0894350279116634 1.0517803365942635 1.0210142136157996 0.995001827279394 0.9724688733094232 0.9525933993199358 0.9348141819920232 0.9187309235747355 0.9040480590135593 0.8905411329477827 0.8780356726771539 0.8663933676961595 0.855502718707183 0.8452725264955445 0.8356272447176956 0.8265035908395916 0.8178480273897831
 1.1462135372265327 1.108558845909133 1.077792722930669 1.0517803365942635 1.0292473826242927 1.0093719086348052 0.9915926913068926 0.975509432889605 0.9608265683284287 0.947319642262652 0.9348141819920232 0.9231718770110289 0.9122812280220524 0.902051035810414 0.8924057540325648 0.883282100154461 0.8746265367046524
  1.1509672738685912 1.1202011508901273 1.0941887645537218 1.0716558105837508 1.0517803365942635 1.034001119266351 1.0179178608490633 1.003234996287887 0.9897280702221103 0.9772226099514815 0.9655803049704871 0.9546896559815106 0.9444594637698723 0.9348141819920232 0.9256905281139192 0.9170349646641107
   1.1540636266353275 1.128051240298922 1.105518286328951 1.0856428123394637 1.0678635950115511 1.0517803365942635 1.0370974720330872 1.0235905459673105 1.0110850856966818 0.9994427807156874 0.9885521317267107 0.9783219395150724 0.9686766577372233 0.9595530038591195 0.950897440409311
    1.1562410309258748 1.133708076955904 1.1138326029664165 1.0960533856385042 1.0799701272212163 1.0652872626600403 1.0517803365942635 1.0392748763236346 1.0276325713426404 1.0167419223536638 1.0065117301420254 0.9968664483641765 0.9877427944860724 0.979087231036264
     1.1578558422075271 1.1379803682180398 1.1202011508901273 1.1041178924728396 1.0894350279116634 1.0759281018458866 1.063422641575258 1.0517803365942635 1.0408896876052869 1.0306594953936485 1.0210142136157996 1.0118905597376955 1.003234996287887
      1.1591012094186546 1.1413219920907423 1.1252387336734544 1.1105558691122783 1.0970489430465014 1.0845434827758726 1.0729011777948785 1.0620105288059019 1.0517803365942635 1.0421350548164146 1.0330114009383105 1.024355837488502
       1.1600909277466953 1.1440076693294075 1.1293248047682312 1.1158178787024546 1.1033124184318257 1.0916701134508313 1.080779464461855 1.0705492722502166 1.0609039904723674 1.0517803365942635 1.043124773144455
        1.160896401787709 1.1462135372265327 1.1327066111607562 1.1202011508901273 1.108558845909133 1.0976681969201563 1.087438004708518 1.077792722930669 1.0686690690525649 1.0600135056027566
         1.1615647055966558 1.148057779530879 1.1355523192602501 1.1239100142792557 1.1130193652902793 1.102789173078641 1.0931438913007918 1.084020237422688 1.0753646739728795
          1.162128133469663 1.149622673199034 1.1379803682180398 1.1270897192290632 1.1168595270174249 1.107214245239576 1.0980905913614718 1.0894350279116634
           1.1626095788495856 1.1509672738685912 1.1400766248796146 1.1298464326679762 1.1202011508901273 1.1110774970120232 1.1024219335622147
            1.1630257233051156 1.152135074316139 1.1419048821045006 1.1322596003266514 1.1231359464485475 1.114480382998739
             1.163389009755862 1.1531588175442236 1.1435135357663744 1.1343898818882705 1.125734318438462
              1.1637089084131764 1.1540636266353275 1.1449399727572234 1.136284409307415
               1.1639927545544453 1.1548691006763414 1.1462135372265327
                1.1642463180750275 1.155590754625219
                 1.164474199934368
